88 105 3502 7475 7476 94
94 105 3502 7475 7476 88
105 3502 7475 7476 88 94
130 152 170 638 4359
152 170 130 638 4359
170 152 130 638 4359
638 152 170 130 4359
2056 12832 8194 7942 9737 10635 8562 12819 12831
2415 7842
3502 105 7475 7476 88 94
4359 152 170 130 638
4883 5441 5444 4885 4887
4885 5441 4883 5444 4887
4887 5441 4883 5444 4885
5441 4883 5444 4885 4887
5444 5441 4883 4885 4887
7475 105 3502 7476 88 94
7476 105 3502 7475 88 94
7842 2415
7942 12832 8194 2056 9737 10635 8562 12819 12831
8194 12832 7942 2056 9737 10635 8562 12819 12831
8310 10906
8562 12832 8194 7942 2056 9737 10635 12819 12831
9737 12832 8194 7942 2056 10635 8562 12819 12831
10635 12832 8194 7942 2056 9737 8562 12819 12831
10906 8310
12819 12832 8194 7942 2056 9737 10635 8562 12831
12831 12832 8194 7942 2056 9737 10635 8562 12819
12832 8194 7942 2056 9737 10635 8562 12819 12831
