109 1702 136 140 4526 1711 4527 6286 1714 8626 9657 9658 155 158 8511
136 1702 140 109 4526 1711 4527 6286 1714 8626 9658 214 9657 11514 155 158 8511
140 1702 136 109 4526 1711 4527 6286 1714 8626 9657 9658 155 158 8511
155 1702 136 140 109 4526 1711 4527 6286 1714 8626 9657 9658 158 8511
158 1702 136 140 109 4526 1711 4527 6286 1714 8626 9657 9658 155 8511
214 136 11514
960 5504 4231 5646 1946 1442 5673 3628 4652 4658 5684 5685 5686 5687 5688 5689 5690 5691 5692 2775 4443 3808 3812 2046
1442 5504 4231 5646 1946 5673 3628 4652 4658 5684 5685 5686 5687 5688 5689 5690 5691 5692 960 2775 4443 3808 3812 2046
1702 136 140 109 4526 1711 4527 6286 1714 8626 9657 9658 155 158 8511
1711 1702 136 140 109 4526 4527 6286 1714 8626 9657 9658 155 158 8511
1714 1702 136 140 109 4526 1711 4527 6286 8626 9657 9658 155 158 8511
1946 5504 4231 5646 1442 5673 3628 4652 4658 5684 5685 5686 5687 5688 5689 5690 5691 5692 960 2775 4443 3808 3812 2046
2046 5504 4231 5646 1946 1442 5673 3628 4652 4658 5684 5685 5686 5687 5688 5689 5690 5691 5692 960 2775 4443 3808 3812
2076 17761 17762 17752 17754 2079
2079 17761 17762 17752 17754 2076
2775 5504 4231 5646 1946 1442 5673 3628 4652 4658 5684 5685 5686 5687 5688 5689 5690 5691 5692 960 4443 3808 3812 2046
3628 5504 4231 5646 1946 1442 5673 4652 4658 5684 5685 5686 5687 5688 5689 5690 5691 5692 960 2775 4443 3808 3812 2046
3808 5504 4231 5646 1946 1442 5673 3628 4652 4658 5684 5685 5686 5687 5688 5689 5690 5691 5692 960 2775 4443 3812 2046
3812 5504 4231 5646 1946 1442 5673 3628 4652 4658 5684 5685 5686 5687 5688 5689 5690 5691 5692 960 2775 4443 3808 2046
4231 5504 5646 1946 1442 5673 3628 4652 4658 5684 5685 5686 5687 5688 5689 5690 5691 5692 960 2775 4443 3808 3812 2046
4443 5504 4231 5646 1946 1442 5673 3628 4652 4658 5684 5685 5686 5687 5688 5689 5690 5691 5692 960 2775 3808 3812 2046
4526 1702 136 140 109 6286 1711 4527 1714 8626 9657 9658 155 158 8511
4527 1702 136 140 109 4526 1711 6286 1714 8626 9657 9658 155 158 8511
4652 5504 4231 5646 1946 1442 5673 3628 4658 5684 5685 5686 5687 5688 5689 5690 5691 5692 960 2775 4443 3808 3812 2046
4658 5504 4231 5646 1946 1442 5673 3628 4652 5684 5685 5686 5687 5688 5689 5690 5691 5692 960 2775 4443 3808 3812 2046
5504 4231 5646 1946 1442 5673 3628 4652 4658 5684 5685 5686 5687 5688 5689 5690 5691 5692 960 2775 4443 3808 3812 2046
5646 5504 4231 1946 1442 5673 3628 4652 4658 5684 5685 5686 5687 5688 5689 5690 5691 5692 960 2775 4443 3808 3812 2046
5673 5504 4231 5646 1946 1442 3628 4652 4658 5684 5685 5686 5687 5688 5689 5690 5691 5692 960 2775 4443 3808 3812 2046
5684 5504 4231 5646 1946 1442 5673 3628 4652 4658 5685 5686 5687 5688 5689 5690 5691 5692 960 2775 4443 3808 3812 2046
5685 5504 4231 5646 1946 1442 5673 3628 4652 4658 5684 5686 5687 5688 5689 5690 5691 5692 960 2775 4443 3808 3812 2046
5686 5504 4231 5646 1946 1442 5673 3628 4652 4658 5684 5685 5687 5688 5689 5690 5691 5692 960 2775 4443 3808 3812 2046
5687 5504 4231 5646 1946 1442 5673 3628 4652 4658 5684 5685 5686 5688 5689 5690 5691 5692 960 2775 4443 3808 3812 2046
5688 5504 4231 5646 1946 1442 5673 3628 4652 4658 5684 5685 5686 5687 5689 5690 5691 5692 960 2775 4443 3808 3812 2046
5689 5504 4231 5646 1946 1442 5673 3628 4652 4658 5684 5685 5686 5687 5688 5690 5691 5692 960 2775 4443 3808 3812 2046
5690 5504 4231 5646 1946 1442 5673 3628 4652 4658 5684 5685 5686 5687 5688 5689 5691 5692 960 2775 4443 3808 3812 2046
5691 5504 4231 5646 1946 1442 5673 3628 4652 4658 5684 5685 5686 5687 5688 5689 5690 5692 960 2775 4443 3808 3812 2046
5692 5504 4231 5646 1946 1442 5673 3628 4652 4658 5684 5685 5686 5687 5688 5689 5690 5691 960 2775 4443 3808 3812 2046
6286 1702 136 140 109 4526 1711 4527 1714 8626 9657 9658 155 158 8511
8511 1702 136 140 109 4526 1711 4527 6286 1714 8626 9657 9658 155 158
8626 1702 136 140 109 4526 1711 4527 6286 1714 9657 9658 155 158 8511
9657 1702 136 140 109 4526 1711 4527 6286 1714 8626 9658 155 158 8511
9658 1702 136 140 109 4526 1711 4527 6286 1714 8626 9657 155 158 8511
9784 10466
10466 9784
11514 136 214
17752 17761 17762 17754 2076 2079
17754 17761 17762 17752 2076 2079
17761 17762 17752 17754 2076 2079
17762 17761 17752 17754 2076 2079
